"x"
22.2539893635469
61.8645165630282
9.90913930838462
86.145718678087
2.89470869931652
42.0500121439169
38.4658030378646
41.345659954988
11.0530411586856
53.7781362074829
4.24303325380622
23.4079441225852
14.8303495953262
16.1221211659184
30.0293566087458
2.23884675004593
62.8913861096334
25.9544239675456
32.2258373697496
49.6566198717362
84.3238337483305
34.357084181651
63.7748506346952
52.575126504633
18.6838195090739
49.8942288224135
110.541067196798
15.9702684637082
1.8128762137581
24.6465128027316
89.3200365471537
60.22908831025
57.7132881421039
59.306380592898
11.2637387959886
6.40197600506014
17.4569531898142
32.871552633181
62.4131490345937
10.0554004285466
13.425029118168
1.71025346565019
14.1241342301249
35.3459844236544
27.1071229611931
469.637027892495
28.4682955152863
11.5984739972277
39.9745983658893
53.4102216746715
4.62207574084788
15.1115925781006
9.27195515260457
149.458521650733
51.4025915316475
14.8933766738885
13.8284221071305
49.4839678779203
69.1110537381843
19.8977973521673
78.8285307950466
81.1939963062796
20.5810596062814
36.2365816800236
193.532825927337
8.71554683728919
24.7590058007932
103.852092199563
24.2587319808326
4.28789731051198
43.2382622742842
14.9133132358302
4.63845029799106
66.7504673865129
65.3622645118332
8.58094403450957
11.5177546190742
27.3260480018402
13.0151271659284
12.6367929061153
10.0341833037727
21.4010806590802
24.7466325697365
0.138981799188054
16.4465447594621
149.153672188961
31.0712573407459
15.1849877796417
99.005501777331
121.386436895833
157.093736746008
5.6089846397567
7.37423975448066
53.5407451119442
81.1927592186209
49.0268120558072
50.8667822504535
2.49518287202557
19.5485040561137
36.1251599090999
29.0243448819866
31.5154443808067
1.9570401320822
4.90181267399818
3.34063704161258
16.954664215257
75.1969619563831
17.3311482472164
61.8253042788855
57.7585202324738
2.76201639020832
1.77625646211395
15.2866729950916
0.375888685967851
8.62832788491381
9.38500942864178
36.271903620784
64.5413619905599
92.5318667960149
28.0551296498091
37.2158092530719
8.9849366711352
3.89594239661171
4.00188747677437
48.6680108279007
16.2165309120445
36.5204243377271
14.3265884146987
13.9272746794873
24.3411092138551
18.7766286773691
19.1994988709143
7.88113857016952
21.7689722836773
15.3538976063941
183.766337166993
40.3278118701569
1.51919786138011
19.5335147978676
173.423086425834
25.4941421505542
11.4001394908067
29.4759468375906
22.5382697425317
2.28113001078842
5.44361227940859
31.7331839597447
87.8944555850557
38.7966430466381
64.4162688934333
26.5966762441834
5.43765054666125
3.90600663480973
1.47190869782776
9.72140775445125
2.07716151130131
46.895414096323
31.4753542255238
66.709943168843
25.7093748212204
92.3524802339574
38.9860480132128
7.08559372844662
11.7244376466216
73.6865947488387
46.3353858168875
7.63320519224489
8.71546909210654
49.0914770996696
6.97317353376889
15.5028429103417
28.5853808378844
8.24728302034292
5.84559852121398
19.829170118382
1.57388193783052
28.1811389165401
80.9929006362029
7.45069922799282
30.1767137443414
140.880402448313
26.729341910128
75.8218934975411
197.715904142233
142.388035377866
52.4795474427085
57.8331624643962
24.3609238992536
4.16505896963708
35.8900760553615
63.4889576287362
35.2794313282948
28.0280321809984
14.8505652400101
12.6015557435482
17.0009349641269
24.4544962701502
9.82077634244323
26.1570563416339
60.6391866073925
0.300381465049293
40.2968858573852
9.01390844666039
19.8754556092878
13.7747313440459
11.3435474526062
48.5304194095091
35.7596599566674
8.73833671417246
1.59379118076184
3.57189879752431
4.48379247566273
116.144504328861
14.4486424265586
1.31159601656794
11.1343565567416
16.4355841125203
88.4974613393083
11.3392223435002
126.818163797388
16.7487554650177
53.6139821287649
51.0022061145132
21.8320513981815
54.6084786429581
1.22495602863493
40.1064413407525
14.4291606437574
19.2194066512235
19.3659509515089
6.31174124216847
20.0338616422093
46.9569344912748
28.2956506988036
9.46001540437453
12.4114475941209
75.3484645156473
3.38793259613992
20.8996237203157
28.0106014547701
4.46628065501675
50.9244407539495
1.45931505567043
31.9210733393121
11.8039876003676
33.459173189824
35.8474683405775
100.133785521112
0.814393419609827
19.7094690862286
16.5313941787453
13.5861409107862
6.59795797849119
9.3819982356576
47.3118357812169
22.51479065969
13.9848674498508
1.46191851964383
39.5279130864261
50.5453944439056
21.5972654424183
40.664622742085
66.1348545925991
94.6925859086945
31.0285053225684
21.3608925094123
22.3313145482487
26.591290392046
57.4048987113735
149.681741208782
40.201767995602
3.6540518061867
22.1412211806422
15.5354085455873
24.148348934005
53.3234303909857
15.0579709170829
9.82366006833819
8.46109627020155
1.0976633192703
117.295854869681
2.75561379765674
184.678710415948
11.0323383245558
7.43441043975734
6.31455055850818
56.1221990159169
59.8688289142484
0.507583475882822
35.9403523029438
81.5872541431711
90.8106959235969
1.50586556142529
30.0233012545619
17.9297100434912
9.99448597900161
2.49516121688214
19.7366877430673
17.910733402644
70.8626118011328
2.87849654839449
7.84547137625
27.3834571086886
8.18641255433807
113.3233874762
3.17555323743337
57.4167329102768
12.3235269960138
44.5375794961997
28.0910756370001
25.7229987637856
10.7572039468998
29.9188842692504
38.6861620603027
13.9932706531575
29.8556616491251
21.8514538278952
8.67921064517945
5.14539495026833
35.9605717332618
0.889900479421346
0.19311905535937
116.800331627316
17.0863496185511
42.0050115991221
52.5622450872409
3.45641672891974
13.5103343022802
12.2547044898827
62.5112012537606
53.5163819712117
3.09443761038037
30.1974381673324
313.411760516299
19.7492185589714
61.64817775097
21.553029906436
6.0281772756527
1.08337161370926
140.438666593745
315.835434611304
8.09018722352055
22.8437034629887
3.44014347951664
20.3561592152935
5.22781413945774
31.1855326372717
5.8388970559794
26.0657520336487
9.98499040926211
27.6979145045074
20.0065861168905
4.38204011535757
6.70501218930606
26.4307127743572
12.1463649476974
60.5439051110683
0.736220298844326
19.8275368232193
6.78790408485892
10.9007122540739
78.6000859384656
27.0580488502139
32.7998791020142
9.07027666422027
13.4660839468294
27.1589458128779
1.17594696560992
114.298804525329
24.4826274364813
75.0259361723323
1.48041513552637
0.586161672133212
40.7256784006042
99.9924867951241
20.8773183436151
0.213671305200114
41.3795052362841
102.491595914302
10.2272279960436
63.9566753758876
0.920293460578714
33.093753913703
2.9957229648915
19.4150894068234
32.4762098965631
42.8189458036024
37.2852042572293
65.3579885134
65.6376023827567
1.81761702155834
3.06845556301376
152.435325591337
2.79917479663465
16.8935095469046
18.6282497523256
19.1513437884584
6.81213515794861
3.81077066066464
48.3507313301205
33.8505112115235
32.8344511523676
52.2765841053262
14.6279440654792
1.11707176147227
113.575681051415
43.1803945934995
217.039171092427
15.6505849167512
9.48410174811656
5.10920639687873
11.4786771162383
5.80835482619662
14.0988744573086
39.7445653110885
25.7216607750481
97.6135295712886
17.7929028021455
94.198678737984
10.1753053312299
0.241567582002067
13.3827683003274
71.6398083969086
1.29017483634859
3.89184523617832
22.984097265162
8.56214469490879
10.0215268570353
113.010341226614
3.54271459850963
5.62863563952678
18.9109176707303
6.9952352636216
42.7678574238677
13.59481223314
4.34350817041873
3.59985506193157
39.5688564691677
1.31755087715071
4.694499605766
10.2833907778825
13.7449768955871
20.9507851392081
50.7327421236168
10.5009501939185
20.1472191388536
10.3725577858257
22.8873379302196
20.7758074159079
4.17105598062208
7.35240074782648
93.077279272908
102.91198226729
44.9174204467806
20.1731232274092
25.1324960053894
21.3037221326679
13.3092026399243
25.429703844263
135.253728098533
5.64276754545474
8.67415891877903
7.24536721465854
28.4852616546172
17.495676014322
32.1267076801472
11.2343137421592
122.643369289075
39.6160996475449
11.1256167754091
0.0651493610447362
25.4017436492084
50.203222318695
15.7808242979992
38.6423277980674
20.1141181047559
22.168526478955
15.9960110604122
19.5081421149233
4.69897272319837
21.610560673437
18.3795071504587
22.8884149423603
112.204409292287
66.5315896885823
82.2201731150672
11.645495030452
58.7894158849159
32.1499298647574
36.8878649655428
37.0812601240565
16.6786595082871
35.325073205932
64.799039050663
16.441319162331
94.2623858905992
2.62487981833672
7.89265856519654
21.4647519288531
4.55849642358799
13.1785832141996
26.6638838717347
15.0744653558047
12.3303163455384
20.4677252249062
14.8162064379141
272.966566049285
7.47499721494409
14.6050345965268
1.6687673735293
1.33036951872196
11.0484970671762
5.70907594322489
0.145316059110701
120.713519683846
99.4415059281537
23.841675959008
10.9024602538704
24.7003230795391
2.51054550279777
5.07212984864782
0.867403129885047
2.63996040281109
88.1435676628586
2.96477458171149
7.56486349897534
31.4620648090337
108.580439762542
18.4872010295558
10.1557161395788
78.1994370448163
12.2416874655145
90.4196860852392
35.4468861433193
125.726673117807
6.639002618406
102.482178482563
5.26531999548301
15.2219984372717
1.31297711405602
16.6514278837753
4.1118516914296
35.0826408048706
93.6842785142064
39.4396869660379
46.5359172267776
11.1381476973613
5.24082360123568
19.4783883118965
2.40067359008509
1.30657789642656
28.7332528081609
63.3962590040346
52.7576032502436
57.423930527742
35.5674785948451
4.00034821726689
6.36475774455894
9.96368654402275
37.5519364635607
17.0129975443079
5.61722982646546
2.52469219219345
20.6273991110021
22.8248653575868
16.0747475464046
80.0672241343643
71.6949341660518
32.4879185213562
61.7593461803263
9.94266930122685
61.1292271663623
82.3579932537769
40.4577019821415
22.6140001009527
0.516883602789475
8.79998227534418
173.902981011028
18.5622203919847
36.7175603427139
31.3375870493652
16.4686807708986
37.968474034598
19.8194949110114
33.5340688079104
9.10347936390295
44.0596818934199
36.3716406451655
22.1468868695611
1.42782914226092
7.19630603676957
10.2047988061039
0.265518494313133
16.6642593052162
71.3326694598846
9.37988386972133
5.74320442348231
28.5726901270491
16.5085132301802
9.91855313147685
46.1108452034301
127.634568222492
52.9220819540445
155.050189677842
8.46500489553748
63.1117404577264
11.7044050599798
48.5839257733389
4.29288882931351
2.94426842615807
19.6047177866259
45.3289464072377
3.52602328500604
11.2499402659816
51.273954173493
4.69262547605251
12.0729328202868
28.2388821379214
39.8457501468559
30.6216679315701
10.0290611708606
71.1315975203533
8.62413990820887
93.8415170696753
62.0283161495602
2.18672662916233
71.380782659642
3.95224531577554
38.7569799745739
0.301432960327319
19.6626218721776
23.3643690844567
108.129507072281
24.1698743580835
16.0488122743506
29.9356358239688
56.9387400674979
34.3748383949046
84.7242726639365
50.2227202464961
17.8550591622747
26.814836708532
55.5716406850869
3.63588398542773
7.10180023756273
14.1470832349273
1.67977114358031
190.456302633834
36.3370378679419
14.9343541769017
15.5065277284192
142.82862573577
201.00244587508
45.5117515831474
32.43270311821
8.81933006466604
6.46759359802802
35.9194499001768
2.11217078146844
16.2132150475236
8.7216184497998
38.871487384764
20.2865538301634
19.4454042122578
15.5716946658641
2.08512128554148
99.0348529029313
30.0012895828927
23.6079966857493
15.5489404186658
160.416724441425
44.1143293259468
28.4566789066303
4.66325616198204
4.1425855826325
0.152475175137279
8.21246170472061
5.70059342968252
46.195534792818
17.1215414047058
6.4491196677694
11.1132381095882
29.2744356933738
23.8306069747605
18.8391642592167
29.4865721557471
178.402021296383
87.6799624252922
19.8526812699193
2.00453048429077
52.4827820691459
89.5815728145685
1.94226746018671
67.1967191319484
11.9822573923102
53.9040203301922
10.8249443236788
85.2990977774111
28.1769848017036
60.8909528649132
31.8157685068649
158.651246536513
47.1453061635854
2.71233559779924
45.7266139305651
36.3787284300083
5.66894040864767
0.893987220860115
258.7602957246
13.0211603551059
155.960981272318
62.4976407336949
63.6564555628467
3.31487498653904
14.630747616176
7.42893138934599
27.5768276755815
15.8529825107451
0.471606816933101
1.29818144954965
2.04718253752361
2.67515485433489
23.105439745446
61.0685341803536
7.14106125680796
46.317606597538
64.1088581257079
65.9144817515862
16.2403025862502
6.94126986475805
25.4699424934077
0.788551343512034
17.2777523106898
27.4368210316631
1.82354030395224
108.286757681778
89.4418480566381
29.1148145345625
24.2318943364776
32.0957851719657
50.3720982471551
41.7538772203628
209.369867749532
79.910597122045
3.70857677976659
138.551827249648
8.92945959840947
87.7937789990301
55.4790585238634
42.3671427300314
318.070146515355
12.0396661717219
1.29578405795683
18.5524913471163
16.6406484326508
11.6912961411528
21.3040788349957
7.46871566837291
5.31391009134148
39.5539185122975
178.945763304584
31.871013130046
11.2944131807197
123.379873770304
90.2227313911913
7.50941851412477
9.55901386170226
6.87550922426212
102.775543253921
2.60179579520434
26.6353354335111
31.212843170194
10.5114624878694
63.1137999076961
2.5180754757856
9.08634675432774
3.61577950067919
73.5068802083892
44.2488163838004
145.878239842409
28.7898808286229
132.229338740547
3.49418027667776
62.8969358253477
8.41657717310231
10.5206773610094
242.336574560738
15.1532922120891
0.650368621326125
30.7579773034076
13.3870573836775
48.9542432249613
1.33999206341222
37.9927949751335
0.642180828981465
84.4784853367584
5.90237871312169
4.14131272175642
48.2104958933715
35.8277257914102
0.288878232114076
10.5456271666709
4.79796795476535
29.6474091194971
12.5159715093148
27.7117461354397
9.59361184224101
5.53725534285514
50.5219073872862
89.1722382411188
6.3569684892214
52.253909536716
7.02279042990361
5.40033122333639
50.9493191616224
141.472466843759
28.6320258827226
5.43996375129299
94.2867254508787
11.5777307812537
18.7559284204476
33.3530426725486
0.305795760676908
31.6773083500604
61.5164539135037
13.4586463505204
81.3514158789623
17.594251676516
7.8546794455354
11.5293592982616
49.0237203249846
104.43814723887
3.05032538619272
10.9945088760468
49.4314114016818
7.58370244886997
20.7183710472899
19.1139194072573
14.6811772749622
70.6794851706977
144.611808776625
17.379321734496
3.41598286547802
10.7145085627388
6.50360692104954
104.287939249011
11.7201080197446
4.96862609465831
30.3986326268107
10.1779761410587
122.87422031171
5.26933741441833
70.1656398117693
48.5430119184718
1.20748530832377
58.2834694809642
32.6502216085996
63.1965812214604
16.878006032675
46.705827363054
4.93284554660838
24.0152583127248
44.7319471633498
33.7821843236094
4.96769422639995
2.17581325798619
89.9995224289532
12.6651596247321
6.10454956274427
110.79057041466
30.8927027033894
36.9905599394393
1.67684034598206
94.6568086775429
36.4932216047204
40.5112739177111
3.26009330260844
0.199662674672085
34.6025168903953
53.4893987896736
62.7395633375384
6.04719419087689
1.96589505274793
32.1473126650099
162.67338065998
45.3479499583878
2.5079998887334
34.4623792731092
96.8357920019459
26.2778705415684
156.987944266857
9.79946231584443
4.52179560167454
5.14854038998001
18.3875591540666
22.9681096367921
23.3777102433248
17.1812271401498
13.7511269796686
14.7174889976394
39.674876534852
211.038711885003
40.7937515145885
5.00026838370291
17.9719062236661
9.98553707679481
14.652781485928
28.408598208623
73.3918274566614
10.350766085749
91.3556261610516
37.858993891908
26.5363338469224
0.195376522510315
28.16345562108
94.6531165558559
6.16451767669399
32.1952035412647
9.43631057065195
0.381341316596551
3.70179981258738
73.9838831572861
66.1209111939001
14.6179039667445
15.288954763147
0.303521519428163
12.3802254734721
125.713701882978
40.2123373687411
8.10674994533305
3.66624346110502
11.6871175349262
0.642859336518353
54.8439559944824
51.5499271113711
83.0958631899929
10.4725511441451
2.76940367788781
3.67958874529895
7.54841696433706
28.0565922972325
9.90854258472265
249.599787886017
34.2663150750737
25.1827280745002
10.2165338181703
16.747443506738
8.54932247718994
9.10318722751795
19.1317074023067
19.7841458759185
1.14215804293527
80.7208235166218
13.7908529404395
48.2444887392409
16.8365568945284
13.9254662341677
70.9816975205642
151.136192114626
23.5642155602319
8.81642329821199
65.1901753816891
8.87716508209244
52.7324866191746
2.92184610976347
4.00768436432943
4.69438492226033
176.542603200839
41.6095731795412
1.10215242991918
19.6870669079624
0.584307324000943
46.1739540803661
13.9825313604764
2.65766832906824
33.6656899988189
26.0142080514513
24.6976997893864
23.3178480274317
25.518435998159
20.3944938853827
33.8289365111879
31.0119650243553
56.6540912486559
13.8287714482313
317.844263315832
53.0752179606621
0.928719547657297
6.62551303219863
7.38085546988065
0.165489291632626
145.274715680974
4.22633679719497
12.3091506712174
22.5892945742094
144.737071135012
24.5445119518948
13.4356620190676
27.2192005177641
18.9978232760805
